105
139
301
319
349
51
423
275
63
119
215
72
436
434
390
101
48
175
442
167
287
107
240
46
468
468
84
413
253
151
13
443
62
375
116
62
339
175
433
83
149
263
121
231
256
72
9
309
154
136
229
60
193
437
2
15
82
314
43
25
204
427
262
436
476
33
476
7
317
53
51
40
412
69
57
196
35
330
358
372
149
143
454
157
349
92
357
422
5
441
299
225
115
416
442
374
318
67
90
23
145
94
308
338
252
330
238
366
207
369
241
67
191
391
297
497
375
278
327
124
98
402
76
39
180
54
95
450
328
21
134
345
350
208
167
44
28
331
247
472
46
110
151
16
344
471
152
459
248
296
353
54
276
275
143
63
381
135
452
135
47
398
422
419
263
76
418
233
297
406
129
459
49
399
390
36
499
34
64
202
346
245
411
42
162
59
433
360
288
320
192